# DG conservative solution coefficients
# nvar = 3
# ndof = 4
# nvol = 100
# x = x_center + jacobian*xi; basis_id uses Legendre P_(basis_id-1)
# columns: element_id basis_id x_center jacobian cons_1 ... cons_nvar
           1           1   4.9999999999905519E-003   4.9999999999905519E-003   1.0000000035087599        4.1516229555160674E-009   2.5000000122806600     
           1           2   4.9999999999905519E-003   4.9999999999905519E-003  -2.9823822339761353E-010  -3.5286051717586678E-010  -1.0438334880999435E-009
           1           3   4.9999999999905519E-003   4.9999999999905519E-003   6.3447876893597411E-012   7.5050565123799319E-012   2.2207251597722054E-011
           1           4   4.9999999999905519E-003   4.9999999999905519E-003  -4.4924004646904462E-014  -7.4811629477384089E-014  -1.5654166427912104E-013
           2           1   1.4999999999971737E-002   4.9999999999906335E-003   1.0000000029491889        3.4895311672737199E-009   2.5000000103221667     
           2           2   1.4999999999971737E-002   4.9999999999906335E-003  -2.6177472931289787E-010  -3.0970814493488229E-010  -9.1621017142246074E-010
           2           3   1.4999999999971737E-002   4.9999999999906335E-003   5.8508541446805160E-012   6.8384862524422913E-012   2.0479306098584132E-011
           2           4   1.4999999999971737E-002   4.9999999999906335E-003  -1.5694130361439916E-014  -1.0457057917053047E-013  -5.1701675113239845E-014
           3           1   2.4999999999952720E-002   4.9999999999903490E-003   1.0000000024594431        2.9100335458119436E-009   2.5000000086080605     
           3           2   2.4999999999952720E-002   4.9999999999903490E-003  -2.2836793495584746E-010  -2.7027411022850202E-010  -7.9929045556200853E-010
           3           3   2.4999999999952720E-002   4.9999999999903490E-003   5.4936530204314724E-012   6.0692338743897534E-012   1.9219694212006469E-011
           3           4   2.4999999999952720E-002   4.9999999999903490E-003   4.9891551890612370E-014  -1.7381103896806273E-013   1.6836326296689808E-013
           4           1   3.4999999999932467E-002   4.9999999999893966E-003   1.0000000020335036        2.4059124674633237E-009   2.5000000071172432     
           4           2   3.4999999999932467E-002   4.9999999999893966E-003  -1.9772858443621634E-010  -2.3458615134191859E-010  -6.9205000560723249E-010
           4           3   3.4999999999932467E-002   4.9999999999893966E-003   5.4213340306521382E-012   5.0047784531336157E-012   1.8987298434868821E-011
           4           4   3.4999999999932467E-002   4.9999999999893966E-003   9.8268573395715253E-014  -2.2711875854028291E-013   3.4403578455432674E-013
           5           1   4.4999999999910764E-002   4.9999999999888987E-003   1.0000000016656359        1.9702074916008068E-009   2.5000000058297362     
           5           2   4.4999999999910764E-002   4.9999999999888987E-003  -1.6922531802640533E-010  -2.0306461088635733E-010  -5.9228514684834264E-010
           5           3   4.4999999999910764E-002   4.9999999999888987E-003   5.8246291175628691E-012   3.4452512412018635E-012   2.0379282679934868E-011
           5           4   4.4999999999910764E-002   4.9999999999888987E-003  -2.2183543655558828E-013   1.5502725908438317E-013  -7.6833427077763593E-013
           6           1   5.4999999999889013E-002   4.9999999999893567E-003   1.0000000013505594        1.5961315334946811E-009   2.5000000047269690     
           6           2   5.4999999999889013E-002   4.9999999999893567E-003  -1.4147503083182797E-010  -1.7701618696869613E-010  -4.9516508898146780E-010
           6           3   5.4999999999889013E-002   4.9999999999893567E-003   6.1758932799869000E-012   1.9944629874730969E-012   2.1612633195327226E-011
           6           4   5.4999999999889013E-002   4.9999999999893567E-003  -2.3561365396255704E-012   2.6875309531707175E-012  -8.2522657686387120E-012
           7           1   6.4999999999869440E-002   4.9999999999910671E-003   1.0000000010834540        1.2769777818402940E-009   2.5000000037920809     
           7           2   6.4999999999869440E-002   4.9999999999910671E-003  -1.1167500603346047E-010  -1.5943738772122334E-010  -3.9086347593181126E-010
           7           3   6.4999999999869440E-002   4.9999999999910671E-003   2.5388866927465296E-012   5.3155556531328318E-012   8.8916402327886910E-012
           7           4   6.4999999999869440E-002   4.9999999999910671E-003  -1.1055004260047375E-011   1.2986325341222126E-011  -3.8694741941156563E-011
           8           1   7.4999999999852851E-002   4.9999999999923370E-003   1.0000000008600662        1.0060134818684640E-009   2.5000000030102312     
           8           2   7.4999999999852851E-002   4.9999999999923370E-003  -7.5089048546350768E-011  -1.5560166821408909E-010  -2.6280989823292638E-010
           8           3   7.4999999999852851E-002   4.9999999999923370E-003  -2.1763620677096465E-011   3.3147979841648822E-011  -7.6173665192452303E-011
           8           4   7.4999999999852851E-002   4.9999999999923370E-003  -4.0108357442990469E-011   4.7369537974652949E-011  -1.4037511656455517E-010
           9           1   8.4999999999837539E-002   4.9999999999923578E-003   1.0000000006767937        7.7641856101132300E-010   2.5000000023687869     
           9           2   8.4999999999837539E-002   4.9999999999923578E-003  -2.6039142611619972E-011  -1.7188253810668943E-010  -9.1135194268902510E-011
           9           3   8.4999999999837539E-002   4.9999999999923578E-003  -1.2462154843833851E-010   1.5398325286710868E-010  -4.3617437153479514E-010
           9           4   8.4999999999837539E-002   4.9999999999923578E-003  -1.2736186264797601E-010   1.5061059155586495E-010  -4.4576230761357341E-010
          10           1   9.4999999999822254E-002   4.9999999999923647E-003   1.0000000005310548        5.8082296993939668E-010   2.5000000018587096     
          10           2   9.4999999999822254E-002   4.9999999999923647E-003   3.6461855738136113E-011  -2.0913314393619383E-010   1.2761502676669611E-010
          10           3   9.4999999999822254E-002   4.9999999999923647E-003  -4.8822753827392912E-010   5.8339334482439907E-010  -1.7088028875871319E-009
          10           4   9.4999999999822254E-002   4.9999999999923647E-003  -3.7544571756325903E-010   4.4415257165141903E-010  -1.3140634380933945E-009
          11           1  0.10499999999980701        4.9999999999923855E-003   1.0000000004260272        4.0568713415524839E-010   2.5000000014910890     
          11           2  0.10499999999980701        4.9999999999923855E-003   1.0047042796543877E-010  -2.5290710839850452E-010   3.5164400634508314E-010
          11           3  0.10499999999980701        4.9999999999923855E-003  -1.6555284110683341E-009   1.9637959373997878E-009  -5.7943446426050114E-009
          11           4  0.10499999999980701        4.9999999999923855E-003  -1.0706049648581221E-009   1.2666851998392623E-009  -3.7471231976047628E-009
          12           1  0.11499999999979130        4.9999999999918998E-003   1.0000000004027598        1.9327527824662783E-010   2.5000000014096551     
          12           2  0.11499999999979130        4.9999999999918998E-003   1.8844943948928834E-010  -3.2945308301826114E-010   6.5957587221609557E-010
          12           3  0.11499999999979130        4.9999999999918998E-003  -5.1795637027309291E-009   6.1327856461056392E-009  -1.8128468898249137E-008
          12           4  0.11499999999979130        4.9999999999918998E-003  -3.0510833623621783E-009   3.6100204513460086E-009  -1.0678785219992784E-008
          13           1  0.12499999999977204        4.9999999999888467E-003   1.0000000007105840       -3.5990287040834033E-010   2.5000000024870639     
          13           2  0.12499999999977204        4.9999999999888467E-003   8.5780604960072358E-010  -1.0979644047863788E-009   3.0023225795617472E-009
          13           3  0.12499999999977204        4.9999999999888467E-003  -1.5274272178152945E-008   1.8076356395366594E-008  -5.3459959225421084E-008
          13           4  0.12499999999977204        4.9999999999888467E-003  -8.8762862219438557E-009   1.0502499976685009E-008  -3.1066999060679461E-008
          14           1  0.13499999999974685        4.9999999999859601E-003   1.0000000025682414       -2.7036880170065923E-009   2.5000000089888506     
          14           2  0.13499999999974685        4.9999999999859601E-003   6.1489971904831283E-009  -7.3388545849372830E-009   2.1521488568464905E-008
          14           3  0.13499999999974685        4.9999999999859601E-003  -4.2254250964364788E-008   4.9998898636891283E-008  -1.4788987816153428E-007
          14           4  0.13499999999974685        4.9999999999859601E-003  -2.6416328922743421E-008   3.1256167648543120E-008  -9.2457159792440813E-008
          15           1  0.14499999999971819        4.9999999999853911E-003   1.0000000110466978       -1.2845304311483862E-008   2.5000000386634360     
          15           2  0.14499999999971819        4.9999999999853911E-003   3.7179367108028126E-008  -4.4038164847482655E-008   1.3012780451439428E-007
          15           3  0.14499999999971819        4.9999999999853911E-003  -1.0568816780174430E-007   1.2505437228999081E-007  -3.6990856424898490E-007
          15           4  0.14499999999971819        4.9999999999853911E-003  -7.8694122166333179E-008   9.3112080577102532E-008  -2.7542942328933263E-007
          16           1  0.15499999999968905        4.9999999999854605E-003   1.0000000437428549       -5.1612210072005569E-008   2.5000001531000637     
          16           2  0.15499999999968905        4.9999999999854605E-003   1.8323926469336764E-007  -2.1684538117154494E-007   6.4133757124789258E-007
          16           3  0.15499999999968905        4.9999999999854605E-003  -2.1444292639298131E-007   2.5373422919383679E-007  -7.5055016905088353E-007
          16           4  0.15499999999968905        4.9999999999854605E-003  -2.2421255074809643E-007   2.6529183998353349E-007  -7.8474395782445219E-007
          17           1  0.16499999999965992        4.9999999999853911E-003   1.0000001464271440       -1.7316673888277033E-007   2.5000005124956401     
          17           2  0.16499999999965992        4.9999999999853911E-003   7.4750197908358417E-007  -8.8447999230791205E-007   2.6162581765054425E-006
          17           3  0.16499999999965992        4.9999999999853911E-003  -2.1235114053157683E-007   2.5125851212971949E-007  -7.4322828667354858E-007
          17           4  0.16499999999965992        4.9999999999853911E-003  -5.6600393604428992E-007   6.6970508783139412E-007  -1.9810141514623330E-006
          18           1  0.17499999999963073        4.9999999999854466E-003   1.0000003697018736       -4.3738902928597971E-007   2.5000012939612648     
          18           2  0.17499999999963073        4.9999999999854466E-003   2.4572798352451792E-006  -2.9075119758174559E-006   8.6004888473317489E-006
          18           3  0.17499999999963073        4.9999999999854466E-003   8.5070093775928041E-007  -1.0065639361708513E-006   2.9774572073208122E-006
          18           4  0.17499999999963073        4.9999999999854466E-003  -1.0748554900240428E-006   1.2717875658375317E-006  -3.7619986490948569E-006
          19           1  0.18499999999960159        4.9999999999854050E-003   1.0000004402788767       -5.2093224024753248E-007   2.5000015410008221     
          19           2  0.18499999999960159        4.9999999999854050E-003   5.7826265696447865E-006  -6.8421288147359901E-006   2.0239235648483847E-005
          19           3  0.18499999999960159        4.9999999999854050E-003   6.1622767455398286E-006  -7.2913123936899375E-006   2.1567963665601678E-005
          19           4  0.18499999999960159        4.9999999999854050E-003  -5.9463658970337737E-007   7.0359169767377318E-007  -2.0812896992784264E-006
          20           1  0.19499999999957246        4.9999999999854466E-003  0.99999852645305098        1.7434109731623785E-006   2.4999948428780754     
          20           2  0.19499999999957246        4.9999999999854466E-003   5.0632318438213666E-006  -5.9911521501460316E-006   1.7721926372809644E-005
          20           3  0.19499999999957246        4.9999999999854466E-003   2.0478549277737402E-005  -2.4230835065912984E-005   7.1675627792901941E-005
          20           4  0.19499999999957246        4.9999999999854466E-003   5.6961008426164840E-006  -6.7400170145246657E-006   1.9936997612843832E-005
          21           1  0.20499999999954335        4.9999999999854605E-003  0.99999075263170689        1.0941169039021354E-005   2.4999676351764988     
          21           2  0.20499999999954335        4.9999999999854605E-003  -2.7251256708423084E-005   3.2243468733099267E-005  -9.5377778109334444E-005
          21           3  0.20499999999954335        4.9999999999854605E-003   3.0478245061557945E-005  -3.6062063945168247E-005   1.0667296598991829E-004
          21           4  0.20499999999954335        4.9999999999854605E-003   2.5094498151138480E-005  -2.9690980827418344E-005   8.7827905398044567E-005
          22           1  0.21499999999951419        4.9999999999853911E-003  0.99998692758402308        1.5462748005499627E-005   2.4999542565573458     
          22           2  0.21499999999951419        4.9999999999853911E-003  -1.1927297061166311E-004   1.4111798926072199E-004  -4.1743817226025528E-004
          22           3  0.21499999999951419        4.9999999999853911E-003  -5.1087126001074036E-005   6.0441087310882780E-005  -1.7879321929168760E-004
          22           4  0.21499999999951419        4.9999999999853911E-003   3.5250320985536690E-005  -4.1707914502067964E-005   1.2337073212685296E-004
          23           1  0.22499999999948500        4.9999999999854050E-003   1.0000527261195797       -6.2405920400909767E-005   2.5001845828886862     
          23           2  0.22499999999948500        4.9999999999854050E-003  -4.8902527735301531E-005   5.7832213595557207E-005  -1.7108795532849456E-004
          23           3  0.22499999999948500        4.9999999999854050E-003  -2.8491109139424389E-004   3.3709899098512949E-004  -9.9716746879789913E-004
          23           4  0.22499999999948500        4.9999999999854050E-003  -7.5029943150134370E-005   8.8757867718251843E-005  -2.6258513888649526E-004
          24           1  0.23499999999945587        4.9999999999854466E-003   1.0001268874528275       -1.5028859395434509E-004   2.5004444334592879     
          24           2  0.23499999999945587        4.9999999999854466E-003   6.9473873891453197E-004  -8.2226553284014882E-004   2.4321463442031127E-003
          24           3  0.23499999999945587        4.9999999999854466E-003   4.8978750337749227E-005  -5.8131711425028144E-005   1.7182130731407307E-004
          24           4  0.23499999999945587        4.9999999999854466E-003  -2.3170730107187123E-004   2.7424536693895351E-004  -8.1112860171502952E-004
          25           1  0.24499999999942670        4.9999999999854050E-003  0.99954867974166639        5.3366368097402313E-004   2.4984210138714964     
          25           2  0.24499999999942670        4.9999999999854050E-003  -1.5989936581616937E-004   1.8895662652886709E-004  -5.5917643590230339E-004
          25           3  0.24499999999942670        4.9999999999854050E-003   1.1694027001142595E-003  -1.3829036056930723E-003   4.0908731698490611E-003
          25           4  0.24499999999942670        4.9999999999854050E-003   3.5381670923327830E-004  -4.1785611685680503E-004   1.2359724880638956E-003
          26           1  0.25499999999939754        4.9999999999854466E-003  0.99999752493567973       -1.4521852133629425E-006   2.5000003154443395     
          26           2  0.25499999999939754        4.9999999999854466E-003  -3.4028788842238662E-003   4.0191928007181502E-003  -1.1895248944705755E-002
          26           3  0.25499999999939754        4.9999999999854466E-003  -2.9412523226755452E-003   3.4710847195191835E-003  -1.0276276600295004E-002
          26           4  0.25499999999939754        4.9999999999854466E-003  -2.6027711608773058E-004   2.9849190950065975E-004  -8.9513122044139427E-004
          27           1  0.26499999999936841        4.9999999999854050E-003  0.97991986253121899        2.3421173618736208E-002   2.4303811498613084     
          27           2  0.26499999999936841        4.9999999999854050E-003  -1.4448332912348368E-002   1.6674037339022181E-002  -4.9744107171532471E-002
          27           3  0.26499999999936841        4.9999999999854050E-003  -5.0034550563689945E-004   4.8098755248617659E-004  -1.5378251618292024E-003
          27           4  0.26499999999936841        4.9999999999854050E-003   2.0290072129922255E-004  -2.3840595894386333E-004   7.0671160355905143E-004
          28           1  0.27499999999933922        4.9999999999854328E-003  0.94970636570793798        5.7629040766806139E-002   2.3276244667261485     
          28           2  0.27499999999933922        4.9999999999854328E-003  -1.5428187056608386E-002   1.7128130833720990E-002  -5.1822270720907400E-002
          28           3  0.27499999999933922        4.9999999999854328E-003  -2.4020510718096276E-005  -9.0198672233971958E-005   1.3943901856140929E-004
          28           4  0.27499999999933922        4.9999999999854328E-003   7.7897944290281507E-006  -7.9123084113004449E-006   2.3323167984131590E-005
          29           1  0.28499999999931008        4.9999999999854050E-003  0.91883999926140891        9.1188324499166015E-002   2.2252697358791074     
          29           2  0.28499999999931008        4.9999999999854050E-003  -1.5398923289945462E-002   1.6383304423299293E-002  -5.0394837418706803E-002
          29           3  0.28499999999931008        4.9999999999854050E-003   2.6949455020593269E-005  -1.4898787423651676E-004   3.0943520674691087E-004
          29           4  0.28499999999931008        4.9999999999854050E-003   4.2543244090035957E-006  -3.2665330207681940E-006   1.0079015208070505E-005
          30           1  0.29499999999928095        4.9999999999854605E-003  0.88825929869735432       0.12301109929986920        2.1264851048951074     
          30           2  0.29499999999928095        4.9999999999854605E-003  -1.5169497955067500E-002   1.5425191614635155E-002  -4.8349676683866791E-002
          30           3  0.29499999999928095        4.9999999999854605E-003   4.5125397563053935E-005  -1.6708052870368587E-004   3.6139321576292012E-004
          30           4  0.29499999999928095        4.9999999999854605E-003   1.9667474741267439E-006  -7.7444536733393202E-007   2.7611160407710573E-006
          31           1  0.30499999999925181        4.9999999999854050E-003  0.85822008636974001       0.15284966557922977        2.0319886420083022     
          31           2  0.30499999999925181        4.9999999999854050E-003  -1.4865090154297924E-002   1.4410372371836722E-002  -4.6138503421782759E-002
          31           3  0.30499999999925181        4.9999999999854050E-003   5.1983497487046662E-005  -1.7074896741166976E-004   3.7187598638147593E-004
          31           4  0.30499999999925181        4.9999999999854050E-003   5.5857429403508534E-007  -2.5246048791860254E-008   1.2806120288416742E-007
          32           1  0.31499999999922268        4.9999999999854328E-003  0.82882135656771250       0.18065034544130731        1.9419385717128936     
          32           2  0.31499999999922268        4.9999999999854328E-003  -1.4529746481055553E-002   1.3391972184532128E-002  -4.3915175293533427E-002
          32           3  0.31499999999922268        4.9999999999854328E-003   5.5898208242919076E-005  -1.6897750459936119E-004   3.6737634856823270E-004
          32           4  0.31499999999922268        4.9999999999854328E-003  -3.8535835351433335E-007   1.5767027298309009E-007  -8.6594728039481024E-007
          33           1  0.32499999999919355        4.9999999999854605E-003  0.80010404638034383       0.20642957711027787        1.8562911706875127     
          33           2  0.32499999999919355        4.9999999999854605E-003  -1.4183308651234029E-002   1.2391396217424397E-002  -4.1740733794689844E-002
          33           3  0.32499999999919355        4.9999999999854605E-003   5.9143440388778700E-005  -1.6438538569587467E-004   3.5650659304233147E-004
          33           4  0.32499999999919355        4.9999999999854605E-003  -5.8761577137884801E-007   2.9465593371670680E-007  -1.4135090221890497E-006
          34           1  0.33499999999916441        4.9999999999854050E-003  0.77208377616566182       0.23023444303699109        1.7749182751256833     
          34           2  0.33499999999916441        4.9999999999854050E-003  -1.3835769736088200E-002   1.1417921823501502E-002  -3.9643157606012301E-002
          34           3  0.33499999999916441        4.9999999999854050E-003   6.0015476012479644E-005  -1.5902051022083217E-004   3.4253918124426764E-004
          34           4  0.33499999999916441        4.9999999999854050E-003   1.4319570416513825E-007   5.8581001683061224E-007  -1.5492248352626661E-006
          35           1  0.34499999999913522        4.9999999999854328E-003  0.74476306347784738       0.25212571259892197        1.6976530556942002     
          35           2  0.34499999999913522        4.9999999999854328E-003  -1.3488303229929438E-002   1.0476931499304773E-002  -3.7634151469669891E-002
          35           3  0.34499999999913522        4.9999999999854328E-003   5.7396590165900047E-005  -1.5406745091892595E-004   3.2736959728366029E-004
          35           4  0.34499999999913522        4.9999999999854328E-003   5.3124030313109727E-007   7.4740308027122629E-007  -1.5435497431783640E-006
          36           1  0.35499999999910609        4.9999999999854050E-003  0.71813646129295905       0.27217007124690518        1.6243141815853928     
          36           2  0.35499999999910609        4.9999999999854050E-003  -1.3140135457782455E-002   9.5715673305195297E-003  -3.5717363757210081E-002
          36           3  0.35499999999910609        4.9999999999854050E-003   5.5663718102513351E-005  -1.4872750080883519E-004   3.1163211416197349E-004
          36           4  0.35499999999910609        4.9999999999854050E-003  -2.9911920053310772E-007   4.7663200471710166E-007  -1.5731209034169773E-006
          37           1  0.36499999999907695        4.9999999999854605E-003  0.69219477847424093       0.29043566198279736        1.5547155535261816     
          37           2  0.36499999999907695        4.9999999999854605E-003  -1.2798682176180423E-002   8.6999956788884301E-003  -3.3893301437788285E-002
          37           3  0.36499999999907695        4.9999999999854605E-003   5.7680836468128198E-005  -1.4186328042979453E-004   2.9656019981006933E-004
          37           4  0.36499999999907695        4.9999999999854605E-003  -5.6220029165473369E-007   4.0057363524281824E-007  -1.5163924800805851E-006
          38           1  0.37499999999904782        4.9999999999854050E-003  0.66693140519658389       0.30699240288645824        1.4886749181681973     
          38           2  0.37499999999904782        4.9999999999854050E-003  -1.2465978437202804E-002   7.8608400823957196E-003  -3.2159227278596804E-002
          38           3  0.37499999999904782        4.9999999999854050E-003   5.6329820212776071E-005  -1.3655499285220084E-004   2.8184149667294215E-004
          38           4  0.37499999999904782        4.9999999999854050E-003   3.3474623840334969E-007   7.5328509429278010E-007  -1.3203051154155085E-006
          39           1  0.38499999999901868        4.9999999999854328E-003  0.64233757477182707       0.32190781164556515        1.4260172384514089     
          39           2  0.38499999999901868        4.9999999999854328E-003  -1.2130737703462888E-002   7.0577657867783687E-003  -3.0509821195242367E-002
          39           3  0.38499999999901868        4.9999999999854328E-003   5.3537043510026818E-005  -1.3217484076994706E-004   2.6778415544005576E-004
          39           4  0.38499999999901868        4.9999999999854328E-003  -8.6134109734860831E-008   5.1314492856353794E-007  -1.3010836142404201E-006
          40           1  0.39499999999898949        4.9999999999854050E-003  0.61840335130180268       0.33524555408090356        1.3665778247078055     
          40           2  0.39499999999898949        4.9999999999854050E-003  -1.1800127238622150E-002   6.2860870843253359E-003  -2.8938973533386262E-002
          40           3  0.39499999999898949        4.9999999999854050E-003   5.6487971948861154E-005  -1.2522003602724520E-004   2.5584009161645148E-004
          40           4  0.39499999999898949        4.9999999999854050E-003  -3.7062464037806904E-007   3.1376320812880133E-007  -1.2611515798525504E-006
          41           1  0.40499999999896036        4.9999999999854605E-003  0.59513272037395881       0.34707108820564075        1.3102111172111062     
          41           2  0.40499999999896036        4.9999999999854605E-003  -1.1471792471253749E-002   5.5419589448525439E-003  -2.7435111245329224E-002
          41           3  0.40499999999896036        4.9999999999854605E-003   5.5625941207399748E-005  -1.2167136175587102E-004   2.4668579712530474E-004
          41           4  0.40499999999896036        4.9999999999854605E-003   6.8000327939957327E-007   6.7331857261674820E-007  -5.5068599899059328E-007
          42           1  0.41499999999893122        4.9999999999854328E-003  0.57253664737267018       0.35743831487068589        1.2568120225768740     
          42           2  0.41499999999893122        4.9999999999854328E-003  -1.1121180776238672E-002   4.8287005634826755E-003  -2.5966448521305117E-002
          42           3  0.41499999999893122        4.9999999999854328E-003   5.9529909071768179E-005  -1.1744688378865242E-004   2.4368964396998872E-004
          42           4  0.41499999999893122        4.9999999999854328E-003   2.6382815264802697E-007   2.0084626117966640E-007   1.3345921948009185E-008
          43           1  0.42499999999890209        4.9999999999854050E-003  0.55066271629560759       0.36639537640079700        1.2063496034467365     
          43           2  0.42499999999890209        4.9999999999854050E-003  -1.0745943223285441E-002   4.1313684715221233E-003  -2.4491463623252153E-002
          43           3  0.42499999999890209        4.9999999999854050E-003   6.7922162530890972E-005  -1.1350779653849225E-004   2.4897671253257942E-004
          43           4  0.42499999999890209        4.9999999999854050E-003   1.1219252069875798E-006   6.3396215298829265E-007   6.8971849695640376E-007
          44           1  0.43499999999887295        4.9999999999854605E-003  0.52958734351460068       0.37399263264110461        1.1588482595397878     
          44           2  0.43499999999887295        4.9999999999854605E-003  -1.0332097713315112E-002   3.4706886662653042E-003  -2.3022031873884033E-002
          44           3  0.43499999999887295        4.9999999999854605E-003   6.4911940849801566E-005  -1.0730687350317484E-004   2.3388692215088857E-004
          44           4  0.43499999999887295        4.9999999999854605E-003  -1.1748444726686329E-006   9.1707927491422073E-007  -3.4454894355267090E-006
          45           1  0.44499999999884382        4.9999999999854050E-003  0.50928818883722027       0.38031466075101805        1.1141253728510452     
          45           2  0.44499999999884382        4.9999999999854050E-003  -9.9729723725311692E-003   2.8611117241595339E-003  -2.1727816259936163E-002
          45           3  0.44499999999884382        4.9999999999854050E-003   5.7145445235267711E-005  -9.5703659476602750E-005   2.0069158792074396E-004
          45           4  0.44499999999884382        4.9999999999854050E-003  -8.0741784245111007E-007   7.5048842848224710E-007  -2.7004957746336348E-006
          46           1  0.45499999999881457        4.9999999999853773E-003  0.48968982322748250       0.38547084165311318        1.0718683725616154     
          46           2  0.45499999999881457        4.9999999999853773E-003  -9.6209496404816332E-003   2.2966495394287465E-003  -2.0523711014248519E-002
          46           3  0.45499999999881457        4.9999999999853773E-003   6.3127865716358484E-005  -9.3482953701108846E-005   2.0778427280996337E-004
          46           4  0.45499999999881457        4.9999999999853773E-003   2.2846346139055686E-006   2.8316773785596660E-008   4.0099234832803959E-006
          47           1  0.46499999999878538        4.9999999999854050E-003  0.47088481139217342       0.38950733324557818        1.0321659688439129     
          47           2  0.46499999999878538        4.9999999999854050E-003  -9.1575718384255735E-003   1.7424627781146393E-003  -1.9134485108919373E-002
          47           3  0.46499999999878538        4.9999999999854050E-003   9.6339138280507840E-005  -9.0045707027924620E-005   2.6306922689929942E-004
          47           4  0.46499999999878538        4.9999999999854050E-003   4.4997864855161206E-006   8.0043747956544214E-007   7.2629367576659413E-006
          48           1  0.47499999999875631        4.9999999999855160E-003  0.45326379639315456       0.39246422881877324       0.99567847217077177     
          48           2  0.47499999999875631        4.9999999999855160E-003  -8.4198431953995175E-003   1.2177132336138941E-003  -1.7273404174379732E-002
          48           3  0.47499999999875631        4.9999999999855160E-003   1.5071915271170602E-004  -8.5844177058442587E-005   3.6226372456450972E-004
          48           4  0.47499999999875631        4.9999999999855160E-003   6.1895970027377893E-006   1.4272629109181287E-007   1.2278235632678417E-005
          49           1  0.48499999999872723        4.9999999999853773E-003  0.43765458897155973       0.39439208030733924       0.96392655690720364     
          49           2  0.48499999999872723        4.9999999999853773E-003  -6.9900984746167800E-003   7.1106586049224103E-004  -1.4096936806302298E-002
          49           3  0.48499999999872723        4.9999999999853773E-003   4.1019727152410702E-004  -8.5234145667890718E-005   8.6014958751237159E-004
          49           4  0.48499999999872723        4.9999999999853773E-003   5.4776729516057228E-005   4.9726649232679334E-007   1.0481267569782503E-004
          50           1  0.49499999999870348        4.9999999999908729E-003  0.42807815635031077       0.39526077420402900       0.94468982632787679     
          50           2  0.49499999999870348        4.9999999999908729E-003  -1.7662282607187143E-003   1.3780948692807991E-004  -3.5329854672773772E-003
          50           3  0.49499999999870348        4.9999999999908729E-003   1.2640525262906060E-003  -9.8797209559256662E-005   2.5273926911937635E-003
          50           4  0.49499999999870348        4.9999999999908729E-003  -2.3320456257303704E-005   4.0015549300059095E-006  -4.7965793399376605E-005
          51           1  0.50499999999870204        5.0000000000077482E-003  0.42624900618830736       0.39539695031668709       0.94103660135320955     
          51           2  0.50499999999870204        5.0000000000077482E-003  -9.6397802849040512E-004   6.6931632632093006E-005  -1.9200215482048941E-003
          51           3  0.50499999999870204        5.0000000000077482E-003   5.4180285564504589E-004  -3.9802853605897361E-005   1.0821147926899370E-003
          51           4  0.50499999999870204        5.0000000000077482E-003   2.1854225037213972E-004  -1.4418916775616195E-005   4.3484282727329946E-004
          52           1  0.51499999999872292        5.0000000000131606E-003  0.42613308792462606       0.39540112230177693       0.94081202492559823     
          52           2  0.51499999999872292        5.0000000000131606E-003  -3.4060805363586946E-004   2.3771485360781351E-005  -6.7897548096628748E-004
          52           3  0.51499999999872292        5.0000000000131606E-003   1.1086414651815816E-004  -5.1447576690299874E-006   2.1679835593050551E-004
          52           4  0.51499999999872292        5.0000000000131606E-003   5.3270449811312199E-004  -3.7341850969258018E-005   1.0619477926018352E-003
          53           1  0.52499999999874936        5.0000000000132161E-003  0.42620663472375053       0.39540234076996755       0.94094836364573664     
          53           2  0.52499999999874936        5.0000000000132161E-003  -3.3325965281776288E-004   2.3627194131804130E-005  -6.6459808377448146E-004
          53           3  0.52499999999874936        5.0000000000132161E-003   2.5611219378516290E-004  -2.1727671214318857E-005   5.1656619802992339E-004
          53           4  0.52499999999874936        5.0000000000132161E-003   3.7033461151396007E-004  -2.5624100526326830E-005   7.3762730984265037E-004
          54           1  0.53499999999877568        5.0000000000131051E-003  0.42626800594035563       0.39539056012475943       0.94108265545720882     
          54           2  0.53499999999877568        5.0000000000131051E-003  -2.3226042895763827E-004   1.5812199547361406E-005  -4.6221439778971021E-004
          54           3  0.53499999999877568        5.0000000000131051E-003   5.5885022431812891E-004  -3.5666776126806229E-005   1.1083399571580530E-003
          54           4  0.53499999999877568        5.0000000000131051E-003   5.5883683522849753E-004  -4.0126400342850161E-005   1.1148100433400101E-003
          55           1  0.54499999999880200        5.0000000000132161E-003  0.42630233841696946       0.39539345508783713       0.94114284875680754     
          55           2  0.54499999999880200        5.0000000000132161E-003  -9.6033288777983467E-005   7.3809674878847332E-006  -1.9257045238903171E-004
          55           3  0.54499999999880200        5.0000000000132161E-003   7.4976525376139135E-004  -5.4257587882101607E-005   1.4967315292955434E-003
          55           4  0.54499999999880200        5.0000000000132161E-003   2.4573710419019988E-005  -1.5468984596576880E-006   4.8485189765180770E-005
          56           1  0.55499999999882843        5.0000000000131606E-003  0.42630431618715314       0.39539325047145013       0.94114672000437150     
          56           2  0.55499999999882843        5.0000000000131606E-003   6.5569806949299518E-005  -6.6393762850350110E-006   1.3405860823576760E-004
          56           3  0.55499999999882843        5.0000000000131606E-003   6.7317592588285371E-004  -5.0278366541781623E-005   1.3464622992848242E-003
          56           4  0.55499999999882843        5.0000000000131606E-003  -5.3080904271230093E-005   3.5834515324457185E-006  -1.0590863419052776E-004
          57           1  0.56499999999885464        5.0000000000131606E-003  0.42631304778719331       0.39538711466679366       0.94117287250373327     
          57           2  0.56499999999885464        5.0000000000131606E-003   2.1020373795799198E-004  -7.7327783791399802E-006   4.0794398896544385E-004
          57           3  0.56499999999885464        5.0000000000131606E-003   6.2856223717858649E-004  -3.6884315893822501E-005   1.2414922511971042E-003
          57           4  0.56499999999885464        5.0000000000131606E-003  -2.4114242176099504E-004   1.5592613733385797E-005  -4.7873238022808821E-004
          58           1  0.57499999999888107        5.0000000000131606E-003  0.42631734845407765       0.39539649997223791       0.94116607152441079     
          58           2  0.57499999999888107        5.0000000000131606E-003   3.1524156632344518E-004  -3.7538587322216779E-005   6.5222910585972067E-004
          58           3  0.57499999999888107        5.0000000000131606E-003   3.9373614908938835E-004  -3.7028594312435187E-005   7.9952932477193265E-004
          58           4  0.57499999999888107        5.0000000000131606E-003  -4.9629177106279103E-004   3.7859479370191591E-005  -9.9381706238414920E-004
          59           1  0.58499999999890728        5.0000000000131606E-003  0.42630298196306493       0.39538657466121785       0.94115479379323219     
          59           2  0.58499999999890728        5.0000000000131606E-003   4.1304370493028931E-004  -1.0027055690032859E-005   7.9398200120256923E-004
          59           3  0.58499999999890728        5.0000000000131606E-003   1.3744889076497451E-004  -6.4190201177805814E-006   2.6883173960115829E-004
          59           4  0.58499999999890728        5.0000000000131606E-003  -4.9692027568851822E-004   3.1142862664228572E-005  -9.8457274449792681E-004
          60           1  0.59499999999893372        5.0000000000131606E-003  0.42630075005343704       0.39538988722530277       0.94114569249301827     
          60           2  0.59499999999893372        5.0000000000131606E-003   3.7853933886165017E-004  -3.3959818373877689E-005   7.6616429987266127E-004
          60           3  0.59499999999893372        5.0000000000131606E-003  -1.2636134244316260E-004   2.0905878216392851E-005  -2.7074329018931631E-004
          60           4  0.59499999999893372        5.0000000000131606E-003  -5.6091962564453217E-004   4.0626843346099546E-005  -1.1201085104246044E-003
          61           1  0.60499999999895993        5.0000000000131606E-003  0.42630284588994516       0.39539705390117535       0.94113794451887056     
          61           2  0.60499999999895993        5.0000000000131606E-003   2.9286219989480147E-004  -4.5479603795966312E-005   6.2245576023062460E-004
          61           3  0.60499999999895993        5.0000000000131606E-003  -4.3602690252079936E-004   7.5060352579830970E-006  -8.3280923826563455E-004
          61           4  0.60499999999895993        5.0000000000131606E-003  -4.2424455219391131E-004   3.5943272772227905E-005  -8.5548305862026292E-004
          62           1  0.61499999999898636        5.0000000000131606E-003  0.42629774250645192       0.39539469532320082       0.94113217484737832     
          62           2  0.61499999999898636        5.0000000000131606E-003   2.6825437461866448E-004   4.5890934333130399E-005   4.3350543912822780E-004
          62           3  0.61499999999898636        5.0000000000131606E-003  -5.9228934079841723E-004   5.4342760839388273E-005  -1.2008797896720812E-003
          62           4  0.61499999999898636        5.0000000000131606E-003  -3.1053608799393048E-004   9.7397670346378344E-006  -6.0030542426842755E-004
          63           1  0.62499999999901257        5.0000000000131606E-003  0.42628680825369653       0.39538731088594686       0.94112321727241532     
          63           2  0.62499999999901257        5.0000000000131606E-003  -8.3416088049188572E-006  -7.3538367855029884E-005   9.9438957831049493E-005
          63           3  0.62499999999901257        5.0000000000131606E-003  -6.9594430899969648E-004   5.9270822544680900E-005  -1.4038566002684669E-003
          63           4  0.62499999999901257        5.0000000000131606E-003  -9.2087328112681476E-005   7.4320489021495258E-006  -1.8557728083268664E-004
          64           1  0.63499999999903900        5.0000000000131606E-003  0.42628108238678120       0.39538240479797904       0.94111980749343860     
          64           2  0.63499999999903900        5.0000000000131606E-003  -7.7048546205946681E-005   1.4460228155045533E-005  -1.6757423774744053E-004
          64           3  0.63499999999903900        5.0000000000131606E-003  -7.2881637139468483E-004   1.0832511923561193E-005  -1.3894440379807046E-003
          64           4  0.63499999999903900        5.0000000000131606E-003   1.4759879276396814E-004   2.5169311772973638E-005   2.3836088857283544E-004
          65           1  0.64499999999906521        5.0000000000131606E-003  0.42630338207398671       0.39539970829597199       0.94113556468556814     
          65           2  0.64499999999906521        5.0000000000131606E-003  -5.0297641002425160E-005   1.8361196797601401E-004  -3.8229923695680374E-004
          65           3  0.64499999999906521        5.0000000000131606E-003  -4.4770684099427842E-004   1.5196258277183730E-004  -1.0814621406167616E-003
          65           4  0.64499999999906521        5.0000000000131606E-003   1.9005693712151095E-004  -1.3368234102687388E-004   5.6730832095180494E-004
          66           1  0.65499999999909164        5.0000000000132161E-003  0.42630624885358842       0.39539364599534454       0.94114955230350172     
          66           2  0.65499999999909164        5.0000000000132161E-003  -9.3484556558097486E-004  -5.2808240334278010E-004  -9.3410182669801853E-004
          66           3  0.65499999999909164        5.0000000000132161E-003  -6.3332517551172138E-004  -2.2418351811601003E-004  -8.4198188930895103E-004
          66           4  0.65499999999909164        5.0000000000132161E-003   7.6952213917197854E-004   2.5506957915667706E-004   1.0500694013978861E-003
          67           1  0.66499999999911807        5.0000000000131606E-003  0.42629069486247595       0.39536714755658198       0.94116176103681382     
          67           2  0.66499999999911807        5.0000000000131606E-003   7.6227600028861895E-004   1.0938549550489967E-003  -2.7760574167998446E-004
          67           3  0.66499999999911807        5.0000000000131606E-003   1.8852224180375215E-004   2.7650669900126658E-004  -7.7678441326676535E-005
          67           4  0.66499999999911807        5.0000000000131606E-003  -1.1419364430375356E-004  -6.3979731449967175E-004   7.8651118470599122E-004
          68           1  0.67499999999914428        5.0000000000131051E-003  0.41711321473170487       0.38684645973968818       0.93722334748913683     
          68           2  0.67499999999914428        5.0000000000131051E-003  -1.6836390255751912E-002  -1.5237740121719268E-002  -7.8434988975828509E-003
          68           3  0.67499999999914428        5.0000000000131051E-003  -7.3914880978792757E-003  -7.0170837646188174E-003  -2.9291572070055108E-003
          68           4  0.67499999999914428        5.0000000000131051E-003  -1.9466862231381463E-004  -6.7636604770029334E-004   7.3608383482688243E-004
          69           1  0.68499999999917049        5.0000000000131606E-003  0.33407187299367230       0.30983505920178650       0.90147469979015937     
          69           2  0.68499999999917049        5.0000000000131606E-003  -6.1090004744305176E-002  -5.6258804867638658E-002  -2.7024219333692034E-002
          69           3  0.68499999999917049        5.0000000000131606E-003   1.2110407781301673E-003   9.5993264941067924E-004   7.7580339921558283E-004
          69           4  0.68499999999917049        5.0000000000131606E-003   3.3797528348960891E-003   2.8630795857326826E-003   2.0441072950379570E-003
          70           1  0.69499999999919693        5.0000000000132161E-003  0.26704287407391347       0.24763867756146030       0.87274126538934804     
          70           2  0.69499999999919693        5.0000000000132161E-003  -2.5182449096091252E-003  -1.9978431164259154E-003  -1.8276297605443873E-003
          70           3  0.69499999999919693        5.0000000000132161E-003   5.1629650326420655E-003   4.9881989751223545E-003   1.7704893978813827E-003
          70           4  0.69499999999919693        5.0000000000132161E-003  -2.4366859466927082E-003  -2.4012816347864820E-003  -7.2979430282163753E-004
          71           1  0.70499999999922336        5.0000000000131606E-003  0.26528172953116569       0.24597657868602291       0.87205268366865951     
          71           2  0.70499999999922336        5.0000000000131606E-003  -1.1433387693089709E-003  -1.0517203547184548E-003  -5.1105068673277403E-004
          71           3  0.70499999999922336        5.0000000000131606E-003   1.0842895800659733E-003   1.4220657742985321E-003  -4.6375587042156593E-004
          71           4  0.70499999999922336        5.0000000000131606E-003  -1.4183857876191925E-005  -7.5016926839479641E-006  -1.8553323937719026E-005
          72           1  0.71499999999924957        5.0000000000131606E-003  0.26551489146757296       0.24622043873197555       0.87209204446425848     
          72           2  0.71499999999924957        5.0000000000131606E-003  -9.2333695007710940E-005  -4.1235692816360653E-004   6.8979806784723742E-004
          72           3  0.71499999999924957        5.0000000000131606E-003  -2.2523190756113470E-004   8.7930603396895254E-006  -5.8325011814186424E-004
          72           4  0.71499999999924957        5.0000000000131606E-003   9.0082752007989201E-005   2.4619446274631190E-004  -3.2479865932247347E-004
          73           1  0.72499999999927600        5.0000000000132161E-003  0.26546804900216847       0.24623635298310051       0.87193717361055523     
          73           2  0.72499999999927600        5.0000000000132161E-003   2.7000024295022954E-004  -9.4317701732900017E-005   8.8462376374477301E-004
          73           3  0.72499999999927600        5.0000000000132161E-003   2.9795425609242906E-005  -1.6608774583901008E-004   4.4564909928149069E-004
          73           4  0.72499999999927600        5.0000000000132161E-003  -5.5841652132454235E-005   1.0677002442601801E-004  -3.7793718964753515E-004
          74           1  0.73499999999930232        5.0000000000131051E-003  0.26547218174083109       0.24627333619613154       0.87186507495770638     
          74           2  0.73499999999930232        5.0000000000131051E-003   5.8742735548124132E-005   3.0119286069432612E-005   8.0844200306900638E-005
          74           3  0.73499999999930232        5.0000000000131051E-003   2.8711108745802742E-004  -1.5217915025802416E-004   1.0579332601838832E-003
          74           4  0.73499999999930232        5.0000000000131051E-003   1.2422963008386868E-005   9.7101831324753490E-006   9.1159193984374143E-006
          75           1  0.74499999999932864        5.0000000000131606E-003  0.26553027788624306       0.24630154813834323       0.87194985743836106     
          75           2  0.74499999999932864        5.0000000000131606E-003  -2.3341443000244732E-004   1.0553789348683950E-004  -8.1781093196140104E-004
          75           3  0.74499999999932864        5.0000000000131606E-003   1.7293314759569942E-004  -7.4149232729786056E-005   5.9812767457876313E-004
          75           4  0.74499999999932864        5.0000000000131606E-003   1.2709640836701733E-004  -4.2758037631790045E-005   4.1330152799988522E-004
          76           1  0.75499999999935485        5.0000000000131606E-003  0.26559334439241361       0.24630004415290094       0.87211158655460674     
          76           2  0.75499999999935485        5.0000000000131606E-003  -2.7665772195173703E-004   9.8350403618610029E-005  -9.1331582394694056E-004
          76           3  0.75499999999935485        5.0000000000131606E-003  -1.4641593417305768E-004   4.4476519149720682E-005  -4.6636584058257289E-004
          76           4  0.75499999999935485        5.0000000000131606E-003   1.3005725264606538E-004  -4.3309273536147524E-005   4.2207278282127141E-004
          77           1  0.76499999999938129        5.0000000000132161E-003  0.26562230823551264       0.24629055450096002       0.87220045064590268     
          77           2  0.76499999999938129        5.0000000000132161E-003  -3.2946539355526637E-005   1.0503957001153631E-005  -1.0760274612910298E-004
          77           3  0.76499999999938129        5.0000000000132161E-003  -3.3325689108491325E-004   1.1265211398420884E-004  -1.0844407701327871E-003
          77           4  0.76499999999938129        5.0000000000132161E-003   5.5251437755915389E-006  -1.7501644491402821E-006   1.7407510944307617E-005
          78           1  0.77499999999940761        5.0000000000131051E-003  0.26560215342079502       0.24629528062644487       0.87213693762505939     
          78           2  0.77499999999940761        5.0000000000131051E-003   2.4907385677217799E-004  -8.4241928381714897E-005   8.0994197861634595E-004
          78           3  0.77499999999940761        5.0000000000131051E-003  -2.0029710802078513E-004   6.6654789134176992E-005  -6.4948630492213659E-004
          78           4  0.77499999999940761        5.0000000000131051E-003  -1.2841246892077859E-004   3.9343686681395853E-005  -4.0866923837834887E-004
          79           1  0.78499999999943393        5.0000000000131606E-003  0.26555449330670061       0.24631158940571179       0.87198261586697612     
          79           2  0.78499999999943393        5.0000000000131606E-003   2.8952024971435789E-004  -9.6959457511907528E-005   9.4228962915153070E-004
          79           3  0.78499999999943393        5.0000000000131606E-003   1.2988631176841754E-004  -4.4737112396823032E-005   4.2425504510271541E-004
          79           4  0.78499999999943393        5.0000000000131606E-003  -1.2631876986910392E-004   5.2005429867755305E-005  -4.3227204234537491E-004
          80           1  0.79499999999946014        5.0000000000131606E-003  0.26552608110220960       0.24632337512474881       0.87188553573391803     
          80           2  0.79499999999946014        5.0000000000131606E-003   4.7391599819560802E-005  -1.4936310408652379E-005   1.5121235137017627E-004
          80           3  0.79499999999946014        5.0000000000131606E-003   3.3966053857148855E-004  -1.0877741474375013E-004   1.0928177709453430E-003
          80           4  0.79499999999946014        5.0000000000131606E-003  -2.1727472329945071E-005  -5.3245730400884881E-006  -4.2525041119714333E-005
          81           1  0.80499999999948657        5.0000000000132161E-003  0.26554046553070071       0.24631526477941079       0.87193939661317121     
          81           2  0.80499999999948657        5.0000000000132161E-003  -2.4555756742667095E-004   8.0547124103313604E-005  -7.9531904510970531E-004
          81           3  0.80499999999948657        5.0000000000132161E-003   2.0211255679747659E-004  -8.1160322604997772E-005   6.8514553047952019E-004
          81           4  0.80499999999948657        5.0000000000132161E-003   1.2304789219138299E-004  -4.1015766583460243E-005   3.9940334522801517E-004
          82           1  0.81499999999951300        5.0000000000131606E-003  0.26559312738909213       0.24630099126684338       0.87209652376996416     
          82           2  0.81499999999951300        5.0000000000131606E-003  -2.9298141330969842E-004   1.0083142773112848E-004  -9.6003824794328903E-004
          82           3  0.81499999999951300        5.0000000000131606E-003  -1.0087895329637830E-004   5.0126499117077591E-005  -3.6347986766180882E-004
          82           4  0.81499999999951300        5.0000000000131606E-003   1.7798048394819239E-004  -1.4264058658195615E-005   4.7618363620416095E-004
          83           1  0.82499999999953921        5.0000000000131051E-003  0.26562128312490119       0.24629616988799150       0.87218562179111536     
          83           2  0.82499999999953921        5.0000000000131051E-003  -6.8837638084945875E-005   2.8656528027360827E-005  -2.2346368036658311E-004
          83           3  0.82499999999953921        5.0000000000131051E-003  -3.6660193767452704E-004   1.1766464647547500E-004  -1.2070341268150546E-003
          83           4  0.82499999999953921        5.0000000000131051E-003  -1.1824480906036531E-004  -1.0300786872745016E-004  -1.0023251586371260E-004
          84           1  0.83499999999956553        5.0000000000132161E-003  0.26566047380272617       0.24636422310298087       0.87243626600484792     
          84           2  0.83499999999956553        5.0000000000132161E-003   3.3095766779937986E-004   3.9858980284668137E-007   1.1528162031183404E-003
          84           3  0.83499999999956553        5.0000000000132161E-003  -2.9854388779905667E-004  -3.6673080611873411E-004  -1.2655873395381260E-003
          84           4  0.83499999999956553        5.0000000000132161E-003   4.3148553297761070E-005  -2.0788089850630839E-004  -7.5042737666390267E-004
          85           1  0.84499999999959186        5.0000000000131606E-003  0.25943900929774644       0.23332966850233197       0.83899607250693886     
          85           2  0.84499999999959186        5.0000000000131606E-003  -1.3790963170934192E-002  -3.0101176186500406E-002  -7.4821739081715632E-002
          85           3  0.84499999999959186        5.0000000000131606E-003  -1.6370544111603127E-002  -3.4278661616237480E-002  -8.7308934240083361E-002
          85           4  0.84499999999959186        5.0000000000131606E-003  -9.9943239169988946E-003  -1.8873670138947200E-002  -4.9710949864430004E-002
          86           1  0.85499999999961829        5.0000000000131606E-003  0.14277252580224181        2.5990554545719136E-002  0.31554304826694540     
          86           2  0.85499999999961829        5.0000000000131606E-003  -3.8570993971449016E-002  -5.7602908444984412E-002 -0.14494571155309191     
          86           3  0.85499999999961829        5.0000000000131606E-003   3.5241126062939519E-002   5.5996771930163142E-002  0.14010908738521416     
          86           4  0.85499999999961829        5.0000000000131606E-003  -9.9154470490210138E-003  -2.1744222787090296E-002  -5.2968575650641225E-002
          87           1  0.86499999999964450        5.0000000000131606E-003  0.12504966802104467       -3.1400844763060896E-006  0.25001068850073682     
          87           2  0.86499999999964450        5.0000000000131606E-003  -9.2503106421096929E-005   4.9735468952876623E-005   9.8827685784074026E-005
          87           3  0.86499999999964450        5.0000000000131606E-003   7.9891623809835266E-004   8.4538599265272590E-004   2.1819120289592771E-003
          87           4  0.86499999999964450        5.0000000000131606E-003  -1.1289208495170522E-003  -1.5994649872495261E-003  -3.7954800391658285E-003
          88           1  0.87499999999967093        5.0000000000132161E-003  0.12494756631037995       -6.1573570574274149E-005  0.24983693676925200     
          88           2  0.87499999999967093        5.0000000000132161E-003   9.4660022953941826E-005   1.1516994296257500E-004   3.0513257626874486E-004
          88           3  0.87499999999967093        5.0000000000132161E-003  -3.2017277850268601E-004  -3.6963236569087797E-004  -9.7870252330326609E-004
          88           4  0.87499999999967093        5.0000000000132161E-003   3.0317328797494983E-004   3.5629815839457318E-004   9.4420169731161100E-004
          89           1  0.88499999999969725        5.0000000000131051E-003  0.12501491799769046        1.6415944930389290E-005  0.25004342436194155     
          89           2  0.88499999999969725        5.0000000000131051E-003  -3.0947217583941214E-005  -3.4269309652639406E-005  -9.0646381563763969E-005
          89           3  0.88499999999969725        5.0000000000131051E-003   7.2081584941651610E-005   7.9402852894168170E-005   2.1004618819302638E-004
          89           4  0.88499999999969725        5.0000000000131051E-003  -3.7412093991762534E-005  -4.3099991908610683E-005  -1.1397786032093569E-004
          90           1  0.89499999999972357        5.0000000000131606E-003  0.12499780564517424       -2.3885006955768474E-006  0.24999368075719042     
          90           2  0.89499999999972357        5.0000000000131606E-003   4.9678429147786830E-006   5.4189963722539473E-006   1.4337928079660754E-005
          90           3  0.89499999999972357        5.0000000000131606E-003  -7.7455506283958211E-006  -8.5283598763123020E-006  -2.2564714785723353E-005
          90           4  0.89499999999972357        5.0000000000131606E-003  -2.1002231864379438E-006  -1.8443404263939300E-006  -4.8784820364823696E-006
          91           1  0.90499999999974989        5.0000000000132161E-003  0.12500005558819166        6.5343201293126544E-008  0.25000017336197822     
          91           2  0.90499999999974989        5.0000000000132161E-003  -2.2489538791399948E-007  -2.5488547206744030E-007  -6.7427307743472654E-007
          91           3  0.90499999999974989        5.0000000000132161E-003  -5.6756966667531856E-007  -5.6718821488631481E-007  -1.5006738021295655E-006
          91           4  0.90499999999974989        5.0000000000132161E-003   2.1087483669357098E-006   2.1923986488768961E-006   5.8006067965320837E-006
          92           1  0.91499999999977621        5.0000000000131606E-003  0.12500006761222307        7.0735720094315447E-008  0.25000018778684580     
          92           2  0.91499999999977621        5.0000000000131606E-003  -1.2512392414029004E-007  -1.3094554093396652E-007  -3.4636560744441711E-007
          92           3  0.91499999999977621        5.0000000000131606E-003   4.5780594763876031E-007   4.8160901334126052E-007   1.2742179029499948E-006
          92           4  0.91499999999977621        5.0000000000131606E-003  -5.2836821979568931E-007  -5.5566136903731591E-007  -1.4701377290386974E-006
          93           1  0.92499999999980254        5.0000000000131051E-003  0.12499997883596564       -2.2667949870437045E-008  0.24999994084526930     
          93           2  0.92499999999980254        5.0000000000131051E-003   4.4231253450342562E-008   4.6663909195945555E-008   1.2355990238742741E-007
          93           3  0.92499999999980254        5.0000000000131051E-003  -1.0897413222625132E-007  -1.1513086541614475E-007  -3.0460483105190058E-007
          93           4  0.92499999999980254        5.0000000000131051E-003   7.1134753949858180E-008   7.5028301612101724E-008   1.9850639571943717E-007
          94           1  0.93499999999982886        5.0000000000131606E-003  0.12500000368257794        3.5046407332706276E-009  0.25000001030703856     
          94           2  0.93499999999982886        5.0000000000131606E-003  -7.8125928080380162E-009  -8.3072154283125134E-009  -2.1861732775018370E-008
          94           3  0.93499999999982886        5.0000000000131606E-003   1.3633436575860900E-008   1.4419154448873238E-008   3.8152721641054305E-008
          94           4  0.93499999999982886        5.0000000000131606E-003  -2.3416022433563833E-010  -2.3589657075066744E-010  -6.2407844615575224E-010
          95           1  0.94499999999985518        5.0000000000132161E-003  0.12500000004604250       -4.3853951778281294E-010  0.25000000012868401     
          95           2  0.94499999999985518        5.0000000000132161E-003   5.7192533392241301E-010   5.5340648774143641E-010   1.6016738117588289E-009
          95           3  0.94499999999985518        5.0000000000132161E-003   2.6896166247731766E-010   2.8284673269492421E-010   7.5191759339735945E-010
          95           4  0.94499999999985518        5.0000000000132161E-003  -2.6424328657386373E-009  -2.7962521209627134E-009  -7.3981517640764425E-009
          96           1  0.95499999999988150        5.0000000000131606E-003  0.12500000020212074       -3.8559182785405577E-010  0.25000000056602029     
          96           2  0.95499999999988150        5.0000000000131606E-003   1.7162079816633856E-010   1.2106457451773024E-010   4.8036106886197049E-010
          96           3  0.95499999999988150        5.0000000000131606E-003  -5.9711841650091371E-010  -6.3326671712027698E-010  -1.6715233071670316E-009
          96           4  0.95499999999988150        5.0000000000131606E-003   7.6464460733599817E-010   8.0905652475022674E-010   2.1405915200275692E-009
          97           1  0.96499999999990793        5.0000000000131606E-003  0.12500000037503464       -3.3287301424006028E-010  0.25000000105008563     
          97           2  0.96499999999990793        5.0000000000131606E-003  -2.8847563280321113E-011  -1.0038001758278507E-010  -8.0743885459570366E-011
          97           3  0.96499999999990793        5.0000000000131606E-003   1.6160584777901935E-010   1.6936821887325721E-010   4.5243220872035855E-010
          97           4  0.96499999999990793        5.0000000000131606E-003  -1.1805437437510981E-010  -1.2492910132971235E-010  -3.3048390102344775E-010
          98           1  0.97499999999993425        5.0000000000132161E-003  0.12500000041002998       -4.4570258842424733E-010  0.25000000114808396     
          98           2  0.97499999999993425        5.0000000000132161E-003   5.0096059045311965E-011  -2.7110192198866990E-011   1.4026526531918974E-010
          98           3  0.97499999999993425        5.0000000000132161E-003  -2.2374988869096132E-011  -2.5462139771911450E-011  -6.2640790204377078E-011
          98           4  0.97499999999993425        5.0000000000132161E-003   4.6786685303779865E-012   4.9327655065294273E-012   1.3091637890418225E-011
          99           1  0.98499999999996057        5.0000000000131051E-003  0.12500000049696230       -5.2501201773994801E-010  0.25000000139149609     
          99           2  0.98499999999996057        5.0000000000131051E-003   4.1996497043112942E-011  -4.6865761219717366E-011   1.1759083720502265E-010
          99           3  0.98499999999996057        5.0000000000131051E-003   1.4342538938571751E-012  -4.2629040098360643E-013   4.0139746202776052E-012
          99           4  0.98499999999996057        5.0000000000131051E-003   3.1551066455050791E-012   3.3235507062211615E-012   8.8358038423055673E-012
         100           1  0.99499999999998678        5.0000000000131606E-003  0.12500000058857166       -6.2270172746169505E-010  0.25000000164800118     
         100           2  0.99499999999998678        5.0000000000131606E-003   4.8745007719969390E-011  -5.1875958817195023E-011   1.3648576379137238E-010
         100           3  0.99499999999998678        5.0000000000131606E-003   1.7306065241909803E-012  -2.7552009460759967E-013   4.8461288589608300E-012
         100           4  0.99499999999998678        5.0000000000131606E-003  -1.0693477797211604E-012  -1.1454628271268299E-012  -2.9947765769105270E-012
